1|0,0|0,1|1,0|1,1
2|0,2|0,3|0,4|1,2|1,3|1,4|2,2|2,3|2,4
3|0,4|0,5|0,6|1,4|1,5|1,6|2,4|2,5|2,6
6|0,7|0,8|1,7|1,8
9|0,8|0,9|0,10|1,8|1,9|1,10|2,8|2,9|2,10
10|0,13|0,14|0,15|1,13|1,14|1,15|2,13|2,14|2,15
11|0,11|0,12|0,13|1,11|1,12|1,13|2,11|2,12|2,13
14|0,17|0,18|0,19|1,17|1,18|1,19|2,17|2,18|2,19
17|0,21|0,22|1,21|1,22
18|0,23|0,24|0,25|1,23|1,24|1,25|2,23|2,24|2,25
21|0,29|0,30|0,31|1,29|1,30|1,31|2,29|2,30|2,31
23|0,32|0,33|0,34|0,35|1,32|1,33|1,34|1,35|2,32|2,33|2,34|2,35|3,32|3,33|3,34|3,35
24|0,1
