1|0,0|0,1|1,0|1,1
2|0,2|0,3|0,4|1,2|1,3|1,4|2,2|2,3|2,4
3|0,4|0,5|0,6|1,4|1,5|1,6|2,4|2,5|2,6
6|0,7|0,8|1,7|1,8
7|0,11|0,12|0,13|0,14|1,11|1,12|1,13|1,14|2,11|2,12|2,13|2,14|3,11|3,12|3,13|3,14
8|0,3|0,4|0,5|0,6|1,3|1,4|1,5|1,6|2,3|2,4|2,5|2,6|3,3|3,4|3,5|3,6
9|0,12|0,13|0,14|1,12|1,13|1,14|2,12|2,13|2,14
10|0,19|0,20|0,21|1,19|1,20|1,21|2,19|2,20|2,21
11|0,24|0,25|0,26|1,24|1,25|1,26|2,24|2,25|2,26
12|0,25|0,26|0,27|1,25|1,26|1,27|2,25|2,26|2,27
16|0,33|0,34|0,35|1,33|1,34|1,35|2,33|2,34|2,35
17|0,28|0,29|1,28|1,29
18|0,30|0,31|0,32|1,30|1,31|1,32|2,30|2,31|2,32
19|0,35|0,36|0,37|1,35|1,36|1,37|2,35|2,36|2,37
21|0,38|0,39|0,40|1,38|1,39|1,40|2,38|2,39|2,40
24|0,1
25|0,41|0,42|0,43|0,44|0,45|1,41|1,42|1,43|1,44|1,45|2,41|2,42|2,43|2,44|2,45|3,41|3,42|3,43|3,44|3,45|4,41|4,42|4,43|4,44|4,45
